

Welcome to seefits.


Available keys:  
TARGETSTRUTH
LRG
FIBERS
QSO
ELG
Lya
CONDITIONS
TARGETS
IN2OUT

Getting:  /project/projectdirs/desi/mocks/GaussianRandomField/v0.0.5/ELG.fits

8                        RA                       13.392705917358398       34.767276763916016       11.573456764221191       12.142780303955078       
10                       DEC                      -19.856182098388672      -19.7845458984375        -19.66404914855957       -19.791854858398438      
12                       Z_COSMO                  1.677550196647644        1.688784122467041        1.691206455230713        1.6799198389053345       
14                       DZ_RSD                   0.0028417452704161406    -0.0016891518607735634   -0.0006264950498007238   0.0002823510440066457    

Getting:  /project/projectdirs/desi/datachallenge/dc17b/targets/truth.fits

8                        TARGETID                 288230376151711744       288230376151711745       288230376151711746       288230376151711747       
10                       MOCKID                   3353213                  3499293                  3517544                  3573300                  
12                       CONTAM_TARGET            0                        0                        0                        0                        
14                       TRUEZ                    0.21562356               0.38041252               0.2760613                0.27507246               
16                       TRUESPECTYPE             GALAXY                   GALAXY                   GALAXY                   GALAXY                   
18                       TEMPLATETYPE             BGS                      BGS                      BGS                      BGS                      
20                       TEMPLATESUBTYPE                                                                                                              
22                       TEMPLATEID               1409                     2706                     4318                     4047                     
24                       SEED                     4252442543               1309719656               1936620725               610615671                
26                       MAG                      19.271631                19.542364                18.686825                19.44317                 
28                       FLUX_G                   6.953968                 4.218581                 9.950394                 5.009829                 
30                       FLUX_R                   21.815123                17.031727                37.995987                18.940418                
32                       FLUX_Z                   40.68862                 37.568428                78.285065                39.295197                
34                       FLUX_W1                  38.93292                 63.98012                 99.97043                 47.408096                
36                       FLUX_W2                  27.393032                46.47809                 73.81644                 34.134075                
38                       OIIFLUX                  -1.0                     -1.0                     -1.0                     -1.0                     
40                       HBETAFLUX                0.0                      0.0                      0.0                      0.0                      
42                       TEFF                     -1.0                     -1.0                     -1.0                     -1.0                     
44                       LOGG                     -1.0                     -1.0                     -1.0                     -1.0                     
46                       FEH                      -1.0                     -1.0                     -1.0                     -1.0                     

Getting:  /project/projectdirs/desi/datachallenge/dc17b/targets/targets.fits

8                        BRICKID                  333425                   333425                   333425                   333425                   
10                       BRICKNAME                0443p005                 0443p005                 0443p005                 0443p005                 
12                       BRICK_OBJID              0                        1                        2                        3                        
14                       RA                       44.496585845947266       44.33153533935547        44.45777893066406        44.44893264770508        
16                       DEC                      0.6076611876487732       0.6000337600708008       0.4919665455818176       0.47956445813179016      
18                       FLUX_G                   6.9797645                4.205529                 9.933091                 4.9962864                
20                       FLUX_R                   21.818419                17.015617                38.04556                 19.020937                
22                       FLUX_Z                   40.71565                 37.596825                78.15963                 39.228252                
24                       FLUX_W1                  39.955566                64.24006                 97.81854                 46.930824                
26                       FLUX_W2                  27.147476                46.722015                74.014435                33.683674                
28                       SHAPEEXP_R               0.0                      0.0                      0.0                      0.0                      
30                       SHAPEEXP_E1              0.0                      0.0                      0.0                      0.0                      
32                       SHAPEEXP_E2              0.0                      0.0                      0.0                      0.0                      
34                       SHAPEDEV_R               0.0                      0.0                      0.0                      0.0                      
36                       SHAPEDEV_E1              0.0                      0.0                      0.0                      0.0                      
38                       SHAPEDEV_E2              0.0                      0.0                      0.0                      0.0                      
40                       PSFDEPTH_G               24.276478                24.276478                24.276478                24.276478                
42                       PSFDEPTH_R               23.870766                23.870766                23.870766                23.870766                
44                       PSFDEPTH_Z               22.807993                22.807993                22.807993                22.807993                
46                       GALDEPTH_G               24.046362                24.046362                24.046362                24.046362                
48                       GALDEPTH_R               23.632977                23.632977                23.632977                23.632977                
50                       GALDEPTH_Z               22.408888                22.408888                22.408888                22.408888                
52                       MW_TRANSMISSION_G        0.81934005               0.83126026               0.8181806                0.81957                  
54                       MW_TRANSMISSION_R        0.87439597               0.88294494               0.8735623                0.87456125               
56                       MW_TRANSMISSION_Z        0.92709666               0.93219775               0.926598                 0.9271955                
58                       MW_TRANSMISSION_W1       0.9886575                0.98947537               0.98857737               0.9886734                
60                       MW_TRANSMISSION_W2       0.9930189                0.9935233                0.99296945               0.9930287                
62                       TARGETID                 288230376151711744       288230376151711745       288230376151711746       288230376151711747       
64                       DESI_TARGET              1152921504606846976      1152921504606846976      1152921504606846976      1152921504606846976      
66                       BGS_TARGET               131074                   131074                   131074                   131074                   
68                       MWS_TARGET               0                        0                        0                        0                        
70                       HPXPIXEL                 0                        0                        0                        0                        
72                       SUBPRIORITY              0.31209473421935674      0.6793883738549773       0.6825592932637876       0.9868395234413467       
74                       OBSCONDITIONS            4                        4                        4                        4                        

Getting:  /project/projectdirs/desi/datachallenge/dc17b/survey/exposures.fits

8                        TILEID                   34308                    23195                    23195                    24146                    
10                       PASS                     5                        4                        4                        4                        
12                       RA                       345.64                   343.4                    343.4                    2.509999999999991        
14                       DEC                      25.37                    30.09                    30.09                    33.12                    
16                       EBMV                     0.14555725               0.060937583              0.060937583              0.047229674              
18                       NIGHT                    20191201                 20191201                 20191201                 20191201                 
20                       MJD                      58819.05837013017        58819.06770179551        58819.07823129471        58819.089180624986       
22                       EXPTIME                  686.2558850867792        789.7487314398993        826.0221351927848        1224.7215961269324       
25                       SEEING                   0.9939696788787842       0.9757073521614075       0.9757073521614075       0.6636337637901306       
28                       TRANSPARENCY             0.9650019407272339       0.898529052734375        0.898529052734375        0.3696563243865967       
30                       AIRMASS                  1.0106833172559264       1.0005369161403568       1.0005369161403568       1.0163389213669982       
32                       MOONFRAC                 0.3154896699131549       0.3154896699131549       0.3154896699131549       0.3154896699131549       
34                       MOONALT                  34.194141118273414       33.12717330790342        33.12717330790342        29.846672134961494       
37                       MOONSEP                  52.65311930258889        55.62117584544959        55.62117584544959        67.7038445610754         
40                       PROGRAM                  BRIGHT                   GRAY                     GRAY                     GRAY                     

Getting:  /project/projectdirs/desi/datachallenge/dc17b/fiberassign/tile_00098.fits

8                        FIBER                    0                        1                        2                        3                        
10                       LOCATION                 95                       62                       102                      82                       
12                       NUMTARGET                10                       15                       16                       8                        
14                       PRIORITY                 3000                     3200                     3000                     3000                     
16                       TARGETID                 288230450898405531       288230450873266155       288230450873258535       288230450873258515       
18                       DESI_TARGET              131074                   65537                    131074                   131074                   
20                       BGS_TARGET               0                        0                        0                        0                        
22                       MWS_TARGET               0                        0                        0                        0                        
24                       RA                       31.745588302612305       31.905107498168945       31.934457778930664       31.857070922851562       
27                       DEC                      0.7331059575080872       0.6375594139099121       0.788844645023346        0.6934581995010376       
30                       XFOCAL_DESIGN            -6.2758203               -45.327927               -52.71091                -33.597168               
33                       YFOCAL_DESIGN            -179.81233               -156.12814               -193.90038               -169.98056               
36                       BRICKNAME                0316p007                 0318p007                 0318p007                 0318p007                 

Getting:  /project/projectdirs/desi/datachallenge/dc17b/spectro/redux/dc17b/ztarget-dc17b.fits

8                        BRICKID                  333425                   333425                   333425                   333425                   
10                       BRICKNAME                0443p005                 0443p005                 0443p005                 0443p005                 
12                       BRICK_OBJID              3                        5                        10                       16                       
14                       RA                       44.44893264770508        44.405189514160156       44.44826889038086        44.3721809387207         
16                       DEC                      0.47956445813179016      0.5305560827255249       0.5590721964836121       0.5964767932891846       
18                       FLUX_G                   4.9962864                23.23023                 7.120467                 7.239247                 
20                       FLUX_R                   19.020937                66.33352                 16.105093                14.578131                
22                       FLUX_Z                   39.228252                127.11926                27.118452                21.949333                
24                       FLUX_W1                  46.930824                181.6294                 28.388239                19.216488                
26                       FLUX_W2                  33.683674                146.25099                20.20321                 12.262064                
28                       SHAPEEXP_R               0.0                      0.0                      0.0                      0.0                      
30                       SHAPEEXP_E1              0.0                      0.0                      0.0                      0.0                      
32                       SHAPEEXP_E2              0.0                      0.0                      0.0                      0.0                      
34                       SHAPEDEV_R               0.0                      0.0                      0.0                      0.0                      
36                       SHAPEDEV_E1              0.0                      0.0                      0.0                      0.0                      
38                       SHAPEDEV_E2              0.0                      0.0                      0.0                      0.0                      
40                       PSFDEPTH_G               24.276478                24.276478                24.276478                24.276478                
42                       PSFDEPTH_R               23.870766                23.870766                23.870766                23.870766                
44                       PSFDEPTH_Z               22.807993                22.807993                22.807993                22.807993                
46                       GALDEPTH_G               24.046362                24.046362                24.046362                24.046362                
48                       GALDEPTH_R               23.632977                23.632977                23.632977                23.632977                
50                       GALDEPTH_Z               22.408888                22.408888                22.408888                22.408888                
52                       MW_TRANSMISSION_G        0.81957                  0.82389486               0.81907475               0.8272595                
54                       MW_TRANSMISSION_R        0.87456125               0.87766737               0.87420523               0.8800801                
56                       MW_TRANSMISSION_Z        0.9271955                0.9290512                0.9269826                0.93049073               
58                       MW_TRANSMISSION_W1       0.9886734                0.98897135               0.9886392                0.9892021                
60                       MW_TRANSMISSION_W2       0.9930287                0.99321246               0.9930076                0.9933548                
62                       TARGETID                 288230376151711747       288230376151711749       288230376151711754       288230376151711760       
64                       DESI_TARGET              1152921504606846976      1152921504606846976      1152921504606846976      1152921504606846976      
66                       BGS_TARGET               131074                   131074                   131074                   65537                    
68                       MWS_TARGET               0                        0                        0                        0                        
70                       HPXPIXEL                 0                        0                        0                        0                        
72                       SUBPRIORITY              0.9868395234413467       0.6911116899198275       0.2742128591910744       0.09270242573294707      
74                       OBSCONDITIONS            4                        4                        4                        7                        
76                       CHI2                     6876.760372867342        6868.934745788574        6958.495534408838        6960.75798388198         
80                       Z                        0.274917230973105        0.23326136305432144      0.16338046810002232      0.13660560608738062      
82                       ZERR                     0.00016314355225909266   1.6999783275103677e-05   3.868494364107327e-05    2.9093643258207457e-05   
84                       ZWARN                    0                        0                        0                        0                        
86                       SPECTYPE                 GALAXY                   GALAXY                   GALAXY                   GALAXY                   
88                       SUBTYPE                                                                                                                      
90                       DELTACHI2                74.54655830049887        1097.3307684771717       111.4492541514337        108.55148294195533       


Done.


